249 212 159 255
250 226 177 255
83 252 94 258 87 118 140 90 153 83 182 35 258 35 345 35 371 86 384 104 431 169 426 244 425 229 424 214 424 233 430 260 433 275 437 287 432 300 427 314 419 324 395 326 383 327 383 367 334 403 285 439 232 426 217 422 203 418 174 402 157 386 146 376 130 362 117 325 113 315 97 332 82 314 74 304 70 292 71 282 72 267 90 247 83 260

59 40 25 255
95 77 51 255
100 144 109 120 126 95 142 79 160 61 202 42 216 37 240 28 286 34 307 40 337 49 352 62 368 77 379 87 405 122 409 146 411 161 414 147 429 146 453 145 488 184 494 199 503 220 506 239 507 254 508 268 506 294 501 309 498 318 492 333 483 343 474 353 465 363 456 370 444 379 418 390 426 378 443 353 443 355 449 338 452 330 456 299 455 287 454 277 454 256 448 242 443 231 437 220 428 214 425 212 433 254 427 256 412 255 400 253 399 247 394 227 382 177 378 192 377 196 390 248 381 245 366 240 346 243 345 237 342 217 320 158 317 160 317 187 321 218 321 237 306 237 297 238 277 237 271 228 264 180 257 149 248 137 229 226 216 240 185 238 177 244 158 243 158 217 166 179 167 176 160 163 142 250 124 248 115 247 105 246 87 256 77 253 86 230 83 210 81 195 66 223 59 246 55 260 53 277 53 290 53 306 53 325 58 339 65 358 68 360 79 371 87 379 99 386 80 381 65 377 50 371 38 359 27 348 24 348 13 322 7 308 2 297 1 263 1 248 7 216 14 203 23 185 23 179 35 167 54 149 61 148 65 146 76 142 88 143 93 144

239 31 109
244 97 151 255
91 173 80 170 75 157 75 150 75 147 80 139 86 134 94 128 110 129 116 141 119 147 120 152 118 159 117 164 105 178 99 172

239 31 109
244 97 151 255
408 178 404 171 402 176 394 167 392 165 384 146 399 136 407 131 416 130 425 137 435 145 434 154 433 158 431 168 426 175 414 177

134 53 122 255
195 80 168 255
68 189 69 180 73 168 88 167 104 166 110 178 110 187 110 197 104 206 91 207 80 208 69 200 68 188

134 53 122 255
195 80 168 255
418 209 430 212 442 198 441 186 440 174 431 167 419 167 408 167 397 175 399 189 401 204 413 207 417 209

246 198 135 255
0 0 0 0
252 301 232 308 238 325 245 327 254 329 254 329 259 327 262 326 262 326 266 322

250 204 152 255
248 173 116 255
157 311 171 311 179 324 177 333 175 343 166 351 156 350 149 349 138 344 137 332 136 320 145 311 157 310

250 204 152 255
248 173 116 255
354 311 361 310 374 318 374 331 374 345 365 351 354 351 344 351 335 339 335 332 335 324 343 311 354 312