35 33 23 255
3 4 7 255
169 358 154 358 198 369 208 358 218 347 202 374 190 373 177 372 176 368 168 361

35 33 23 255
3 4 7 255
293 356 278 356 315 371 331 357 336 353 327 376 312 373 292 369 302 368 293 359

54 148 198
54 148 198
482 72 467 71 534 70 521 71 517 57 519 94 520 84 505 105 489 122 493 121 489 120 540 121 525 119 525 134 25 116 525 131 513 132 496 131 482 133 481 148 481 104 480 119 471 131 518 69 509 81 496 82 496 81 481 83 

54 148 198
54 148 198
456 152 441 151 497 153 482 152 480 137 484 172 482 166 474 177 464 190 464 187 464 187 483 187 483 187 485 187 483 199 484 198 464 198 467 197 452 198 449 213 455 175 452 190 443 202 482 150 473 162 458 161 473 163 458 162