232 203 174 255
255 240 224 255
106 57 42 62 64 113 53 113 44 113 47 126 57 134 66 141 70 163 107 162 147 161 153 134 160 130 169 125 173 109 164 110 149 112 172 63 107 57
184 150 50 255
217 201 95 255
103 66 96 62 88 38 110 40 138 42 95 38 111 57 124 73 100 70 103 66
232 203 174 255
0 0 0 0
106 120 108 121 112 128 108 127
184 150 50 255
0 0 0 0
70 103 72 95 76 96 81 98
184 150 50 255
0 0 0 0
135 98 132 97 147 96 148 105
0 0 0 255
0 0 0 0
75 118 72 124 89 126 88 115
0 0 0 255
0 0 0 0
129 117 126 123 137 129 142 119
224 162 165 255
0 0 0 0
106 140 107 146 114 145 114 139