232 203 174 255
255 240 224 255
135 159 133 144 164 311 178 332 236 419 293 435 331 434 376 433 409 434 480 333 492 316 523 152 520 137 516 117 486 13 327 12 207 11 154 95 134 137 135 159

184 150 50 255
217 201 95 255
242 87 234 74 196 210 153 236 140 244 226 340 231 398 233 416 226 484 219 497 212 510 214 442 150 370 140 359 70 189 125 112 155 70 189 26 300 6 338 -1 416 20 430 26 534 73 542 150 543 185 543 200 541 280 533 318 527 347 519 377 486 430 478 443 469 482 466 497 463 512 453 470 452 423 452 408 475 315 480 301 491 273 503 225 490 233 477 241 261 77 248 85 242 87

184 150 50 255
255 255 255 255
213 227 199 233 238 206 253 210 257 211 274 199 297 230 303 238 278 252 258 248 227 241 244 244 220 235 213 227
